minLat = 43.42326959852032
maxLat = 43.872930401479685
minLon = -79.71491476579936
maxLon = -79.09348523420064
SELECT * FROM `restaurants` HAVING (lat >= 43.42326959852032 AND lat <= 43.872930401479685) AND (lng >= -79.71491476579936 AND lng <=-79.09348523420064)
